0.5	0.0206280163685	0.220427536232	0	0.0
0.51	0.0206133120396	0.220415942029	0.0156636438582	0.223226086957
0.52	0.0205946562083	0.220413043478	0.00364503116978	0.0984442028986
0.53	0.0205758666658	0.220411594203	0.00369662905908	0.0525362318841
0.54	0.0205522242904	0.220394202899	0.00459261424128	0.0345528985507
0.55	0.0205440849203	0.220379710145	0.00509852907436	0.0282804347826
0.56	0.0200409393485	0.220288405797	0.00535313417372	0.0250434782609
0.57	0.0195311491493	0.220153623188	0.00574156707336	0.0230891304348
0.58	0.0195002614236	0.220144927536	0.00600787918582	0.0219398550725
0.59	0.0194877918892	0.220142753623	0.00621455496315	0.0212057971014
0.6	0.0177718947288	0.214546376812	0.00634975711312	0.0207514492754
0.61	0.0177655543981	0.214544202899	0.00644638579682	0.0204384057971
0.62	0.0176082512544	0.214514492754	0.00645299297658	0.0201942028986
0.63	0.0173915930673	0.214450724638	0.00647924840718	0.0200007246377
0.64	0.0173435741112	0.214439130435	0.0065335753176	0.0198333333333
0.65	0.0173308095902	0.214435507246	0.00657294139127	0.0197137681159
0.66	0.0172988087766	0.214427536232	0.00661327062973	0.0195927536232
0.67	0.0172160661139	0.214400724638	0.00661028841538	0.0194927536232
0.68	0.017081039415	0.214373913043	0.00663872714461	0.0194086956522
0.69	0.017024741206	0.214342028986	0.00666418466121	0.019334057971
0.7	0.0169912364494	0.214017391304	0.00668309438471	0.0192789855072
0.71	0.016985032003	0.214013043478	0.00669985402553	0.0192304347826
0.72	0.0169406328853	0.213994927536	0.00670638042786	0.0192115942029
0.73	0.0168641643998	0.213968115942	0.00671291955747	0.0191927536232
0.74	0.0168401633066	0.213939855072	0.00671720204143	0.0191804347826
0.75	0.0168013214597	0.213934057971	0.00672098524387	0.0191695652174
0.76	0.0167954998851	0.213924637681	0.00672426746807	0.0191601449275
0.77	0.0167803006332	0.21390942029	0.00672603614775	0.0191550724638
0.78	0.016385239941	0.213673913043	0.00672755289961	0.0191507246377
0.79	0.0163796065558	0.213661594203	0.00672755289961	0.0191507246377
0.8	0.0160849762248	0.213518115942	0.0067283115321	0.0191485507246
0.81	0.0160631036187	0.213502898551	0.00672856444762	0.019147826087
0.82	0.015811214566	0.213396376812	0.00672881738215	0.0191471014493
0.83	0.0158036179856	0.213365217391	0.00672881738215	0.0191471014493
0.84	0.0157218822113	0.213267391304	0.00672881738215	0.0191471014493
0.85	0.0157031289195	0.213253623188	0.00672881738215	0.0191471014493
0.86	0.0123389086921	0.203591304348	0.00672881738215	0.0191471014493
0.87	0.0123088714583	0.203571014493	0.00672881738215	0.0191471014493
0.88	0.0122407069439	0.203549275362	0.00672881738215	0.0191471014493
0.89	0.011985867515	0.203450724638	0.00672881738215	0.0191471014493
0.9	0.0119253254208	0.202694927536	0	0.0
0.91	0.0117541038644	0.202636956522	0	0.0
0.92	0.0117036995143	0.202602173913	0	0.0
0.93	0.0115912305516	0.202552173913	0	0.0
0.94	0.0113416732154	0.202386956522	0	0.0
0.95	0.0111691274407	0.202277536232	0	0.0
0.96	0.00896832816617	0.194342028986	0	0.0
0.97	0.00700560448359	0.186936231884	0	0.0
0.98	0.00484152589848	0.176352898551	0	0.0
0.99	0.00367828948784	0.16781884058	0	0.0
0.999	0.00228626902	0.102773913043	0	0.0
0.9999	0.0022153092006	0.0766992753623	0	0.0
0.99999	0.00215792353048	0.0713717391304	0	0.0
1.0	0.0	0.0	0.0	0.0
