0.287613981006
0.28759226939
0.287563386964
0.287551037238
0.287374157281
0.287334518642
0.287317388375
0.287204846511
0.287178752733
0.287153854091
0.287124971665
0.287102264103
0.287074576813
0.287062426275
0.28704051547
0.287028165743
0.287020596556
0.287014222503
0.287006454127
0.286999681696
0.286991913319
0.286987331969
0.286980758727
0.286976575755
0.286972392783
0.286960640624
0.286952673059
0.286947892519
0.286936737927
0.286929567118
0.28692458739
0.286900286314
0.286882359292
0.28687339578
0.286859054162
0.286844513355
0.28683415552
0.286807464175
0.286755475809
0.286672812316
0.286637356649
0.286618632869
0.28650728614
0.286465854798
0.285734432273
0.28559380474
0.285535442321
0.285400192895
0.285142043768
0.284604432277
0.203792003512
0.165866789473
0.103542698383
0.0
