0.223407858983
0.22330306754
0.223198463559
0.2231519729
0.223128352647
0.223115042821
0.223107919252
0.223091422567
0.22308036229
0.223070051861
0.223056929498
0.223034246556
0.223005939744
0.222990192908
0.222980632329
0.22297669562
0.2229718216
0.222969384589
0.222966010267
0.22296301087
0.222956262226
0.222951575668
0.222947638959
0.222943327325
0.22294051539
0.222937328531
0.222931142274
0.222927393027
0.222922893931
0.222916895136
0.222910333955
0.222891587722
0.222886901163
0.222877715509
0.222871904177
0.222841722741
0.222829350227
0.222790732987
0.222782859569
0.222767862583
0.22269287765
0.222598771559
0.222568965049
0.222557717309
0.22254815673
0.221933280281
0.221831113311
0.221769063279
0.2214942435
0.22106889147
0.15921681987
0.130328312155
0.0764027103304
0.0
