0.253101890115
0.253090453183
0.25300478409
0.252999820893
0.25296033111
0.252861282965
0.252843156507
0.252825677422
0.252813593117
0.252800429856
0.252775613872
0.252763529567
0.252757703205
0.252753171591
0.252739792538
0.25272533453
0.252719076586
0.25271044494
0.252706560699
0.252692102691
0.252684981582
0.252680018385
0.252677860474
0.252675055189
0.252669660409
0.252666855124
0.252663618257
0.252659734016
0.252649807622
0.252631465373
0.252628228506
0.252622186353
0.252616791574
0.252607512554
0.252587875558
0.252575791252
0.252570612264
0.252558096377
0.252525296119
0.252419774239
0.252377047588
0.252337342014
0.252321373468
0.252315331315
0.251643357624
0.251617678475
0.251491224852
0.251417208482
0.251178543453
0.251029000175
0.176652474801
0.139629400252
0.0794042437491
0.0
