0.258378260747
0.258344526187
0.258328341398
0.258201983046
0.258177998359
0.258073674719
0.258048130052
0.258033700241
0.25801303051
0.258001720658
0.257986315858
0.257977930968
0.257966816113
0.25794634138
0.257939906464
0.257928596611
0.25792333168
0.257909681858
0.257903831934
0.257898372005
0.257894862051
0.257889792117
0.257884917181
0.25787809227
0.257875362305
0.257872632341
0.257868927389
0.257862687471
0.257858397526
0.257853717588
0.257850402631
0.257843187725
0.257822907989
0.257815303088
0.257807113195
0.257792878381
0.257775133612
0.257688749739
0.257644485316
0.257607825794
0.257561806394
0.257470742582
0.257452217823
0.256769726723
0.256756856891
0.256651753261
0.256616848716
0.256500435234
0.256192144254
0.25606208095
0.179326096588
0.157433342069
0.0792853811186
0.0
