0.249412908465
0.249404215896
0.249398039597
0.249358008029
0.24933673411
0.249294643776
0.249245690888
0.249166542759
0.249152360147
0.249042559275
0.249027919159
0.249018311583
0.249010305269
0.248994978898
0.248984913818
0.248969816198
0.248960437373
0.248950829797
0.248941450973
0.248935503426
0.248929098375
0.248920634558
0.248916517025
0.248908053208
0.248903020668
0.248890210566
0.248885864282
0.248882433004
0.248865734122
0.248860930334
0.248854525283
0.248838055152
0.248830963846
0.248824558795
0.248814722467
0.248809689927
0.248803284876
0.24877103087
0.248763253308
0.248730541799
0.248717274193
0.248600610767
0.248583454381
0.248550742872
0.248509796297
0.247782823026
0.247695211081
0.247543548627
0.247380906086
0.247033432078
0.17504249065
0.102808386042
0.0869336962862
0.0
