0.286674059324
0.286566029676
0.286549773786
0.28653187173
0.286366226269
0.286338652988
0.286307993145
0.286291325713
0.286252846581
0.28622815409
0.286208400097
0.286200580809
0.286184324919
0.286158192032
0.286148726577
0.286140907289
0.286132264917
0.28612238792
0.286117243651
0.286110864758
0.286102016615
0.286095020409
0.286087201121
0.28608164531
0.286077529895
0.286070122148
0.28606538942
0.286055923965
0.286034729577
0.286025675664
0.286010448628
0.285984315741
0.285973409891
0.285958594396
0.285946865463
0.285939663487
0.285929374949
0.285914970996
0.285898920876
0.285874845698
0.285784718105
0.285607755253
0.285576272327
0.285567012643
0.284823562892
0.284802368504
0.284655859724
0.284528899166
0.284207073699
0.283922286969
0.204024999501
0.164085101024
0.101115339243
0.0
