0.27767260212
0.277658493034
0.277621716891
0.277615934478
0.277583784265
0.277563430173
0.277553253127
0.277528735699
0.277511851054
0.277421414124
0.277321725333
0.277300214759
0.277288187341
0.2772710714
0.277260894354
0.277252336384
0.277241465448
0.277221342653
0.277211396904
0.277202838933
0.277193355777
0.277180171876
0.277169763534
0.277161899453
0.27715750482
0.27714362703
0.277136919431
0.277130211833
0.277122810345
0.277082564754
0.27707493197
0.277064292331
0.277040931385
0.2770332986
0.27701942081
0.276968072988
0.276957433349
0.276948644082
0.276927133508
0.276913024421
0.276817961561
0.276802927288
0.276790205981
0.276756205396
0.276014206231
0.275919374667
0.275766718978
0.275590471047
0.275461638898
0.275076992822
0.196479436007
0.152104046417
0.104065845487
0.0
