0.262385594769
0.262365227302
0.262321522112
0.262273149377
0.262254054876
0.262222018548
0.262199317308
0.262073505765
0.261976335973
0.261961272534
0.261950240156
0.26194154155
0.261928387561
0.261914172766
0.261898897165
0.261882985081
0.26187704457
0.261871104059
0.261866224353
0.26185985952
0.261849251464
0.261842037986
0.261832702897
0.261827186708
0.26181445704
0.261808516529
0.261793665251
0.261769478883
0.261761841083
0.261748899255
0.261742110099
0.261737230394
0.261730653399
0.261723652082
0.26171749941
0.261710285932
0.26170243597
0.261657033491
0.261647698402
0.261550316449
0.261489001886
0.26147648438
0.261448691274
0.261437446734
0.261416018461
0.260616807531
0.260365608768
0.260275440293
0.260179543467
0.259788106205
0.186728091553
0.140208159759
0.100315292637
0.0
