0.287613981006
0.287115012208
0.286960839813
0.286856464703
0.286637356649
0.286452110748
0.285533848808
0.285340834531
0.285018347312
0.284604432277
0.284561805801
0.279703184277
0.207175828637
0.203837219447
0.203792003512
0.203206387438
0.190520031058
0.179848672026
0.179709638006
0.165866789473
0.108314473442
0.108202529144
0.1080529381
0.107650177657
0.103542698383
0.0938678826234
0.0935896153937
0.0934256827307
0.0930382598518
0.0894046515445
0.0866197881663
0.0863688098489
0.0789020057151
0.0681820445331
0.0675599768463
0.0671825134244
0.066169437454
0.0598706784422
0.057641552767
0.0571250553248
0.0537256934471
0.0463594798295
0.045505954361
0.0454075549254
0.0443956740899
0.0409724095153
0.040440176131
0.0402642921196
0.0400987659436
0.0
