0.236447091058
0.236151817819
0.236028276803
0.235939858191
0.235820196975
0.235000946467
0.234823292444
0.234579069211
0.234511887402
0.234324227578
0.234019561137
0.224381932463
0.166664590633
0.163674898038
0.163609145629
0.163060460157
0.152229078125
0.143245502137
0.143173827928
0.0845110399724
0.0844409993631
0.0814637629695
0.0813251111512
0.0808615770899
0.0710442523921
0.0700706266633
0.0697798458249
0.0695060135887
0.0668963372437
0.0644273547173
0.0638625374426
0.0598248903089
0.0504349562675
0.0490551766851
0.0487000728381
0.0463558565282
0.0424135708071
0.0417791213232
0.0388564063368
0.03350983703
0.0327620565311
0.0317294169946
0.0315670779732
0.0305507744388
0.0285516561745
0.0281214067176
0.0279492660949
0.0275592440433
0.0266213533193
0.0
