0.253337823926
0.253097074351
0.252903709732
0.25285122505
0.252694833446
0.252567127802
0.251777732683
0.251529758496
0.251363379929
0.251069295717
0.251021698273
0.24030249876
0.17935758324
0.176337907859
0.176043186181
0.17577630051
0.164076891122
0.154316015159
0.154228469859
0.154135187367
0.0881987023322
0.0881092446349
0.0877038164014
0.0855334579225
0.083884758937
0.0762253951491
0.0759680714642
0.0754034892752
0.0730476282555
0.0724492603803
0.0701805196833
0.0682889462372
0.0554707844123
0.0541486803927
0.0540352114846
0.0536000348481
0.0501507075339
0.0470670730865
0.0460851633028
0.0459846561988
0.0368448843903
0.0361950942759
0.0356402865621
0.0354073990653
0.0344524753327
0.0321214754783
0.0318798759492
0.0316642000283
0.0306682659975
0.0
