0.253544581607
0.253520554278
0.253349159334
0.253340549541
0.253313118341
0.253285286685
0.25325825594
0.253244840682
0.253229623374
0.253213605155
0.253199388985
0.253194783747
0.253170556191
0.253152135239
0.253137718841
0.253124704038
0.253119498117
0.253115894018
0.253110087413
0.253103880354
0.253099074888
0.253094269422
0.253088863273
0.253082856441
0.253076449153
0.25307404642
0.253068640271
0.253063634578
0.253061432073
0.253055425241
0.253040608388
0.253018983792
0.25301297696
0.253009172633
0.253004367167
0.252987948493
0.252982742571
0.25291646719
0.252906255575
0.252892039406
0.252770901624
0.252751479533
0.252732457898
0.252711634213
0.251985207976
0.251955974726
0.251826227151
0.251699482992
0.251422768257
0.251267791987
0.17640644469
0.175808164206
0.164332311571
0.154697352769
0.0
0.0
0.0
0.0
0.0
0.0
0.0
0.0
0.0
0.0
0.0
0.0
0.0
0.0
0.0
0.0
0.0
0.0
0.0
0.0
0.0
0.0
0.0
0.0
0.0
0.0
0.0
0.0
0.0
0.0
0.0
0.0
