0.260330193508
0.26013277932
0.259954375388
0.259864337806
0.25971998521
0.259653762673
0.25866857187
0.258513147367
0.258394489951
0.258235096273
0.257922993844
0.246590166058
0.240461343377
0.180748460901
0.180461426939
0.168081154988
0.168033942706
0.157968534894
0.157839641187
0.141372164391
0.0900436400252
0.0899604962721
0.0898474792611
0.0893676269979
0.0887985727685
0.0861492534819
0.0779441349185
0.0770556666228
0.0767168244936
0.0740507928948
0.0716387884409
0.0704319505984
0.0654105275032
0.0551704760293
0.0549584385687
0.0538621108904
0.0513565174884
0.0487542015797
0.0480654454145
0.0432155324229
0.0374155244846
0.0371658843216
0.0366423711429
0.0364602069402
0.0356720125175
0.0348948900017
0.0324373444972
0.0322424371565
0.0317630027011
0.0
