0.223407858983
0.223052805327
0.22293807838
0.222860468975
0.22269287765
0.222550031353
0.221831113311
0.221641963818
0.22140332427
0.22106889147
0.220994656386
0.220197379089
0.161459994132
0.15924737623
0.15921681987
0.158971244216
0.149172775595
0.141047033362
0.140939429983
0.130328312155
0.0862195502591
0.0861188829869
0.0859795984744
0.0857072157063
0.0764027103304
0.0755924981324
0.0754247193455
0.0753442980051
0.0749755595985
0.0705505112566
0.0703643611612
0.0701343448801
0.0576759732341
0.0565879418604
0.056361674826
0.0562641944134
0.0529133052327
0.0491410007302
0.0490502689616
0.0485864871527
0.0425768197203
0.0400395170595
0.0399186038555
0.039861240382
0.0371584084823
0.0363885006856
0.0360745012799
0.03601582557
0.0350796386851
0.0
