0.262328060173
0.261862067832
0.261718670525
0.261622811479
0.261466306915
0.261280066483
0.260516519839
0.260238724237
0.260048571192
0.259675699067
0.259617009855
0.255022622735
0.189479293664
0.187914052388
0.187372350965
0.187323443288
0.187276296288
0.166513226983
0.166353396697
0.166239930888
0.105681859086
0.102535334818
0.102393893818
0.102047236208
0.100023632189
0.089867855371
0.0896262514496
0.0894233824079
0.0893269364701
0.0880964193321
0.0835847840002
0.083419476054
0.0803242070305
0.0673302199359
0.0665379155783
0.0660865955406
0.0657966708349
0.0600103058256
0.057327035068
0.057221394487
0.0488313804172
0.0481063730224
0.0474936576525
0.0462547283942
0.0459583478752
0.0448197771688
0.0419383325065
0.0414447562363
0.0413508534976
0.0
