0.261814806726
0.261804342287
0.261793195385
0.261773403946
0.261767261775
0.261759072214
0.261753157531
0.261733821067
0.26168786853
0.261671716896
0.261661479945
0.26158731892
0.261582996651
0.26157799192
0.261570029846
0.261563887676
0.261554560676
0.26154682609
0.261451508699
0.261446958943
0.261436267016
0.261428759918
0.261423755187
0.261410788382
0.261393499308
0.261386447186
0.261377347674
0.261347546771
0.261343906967
0.261338674747
0.261334352479
0.261327755332
0.261313878576
0.261300911771
0.261280665356
0.261274978161
0.261260191454
0.261156684502
0.261147812477
0.261138712965
0.261115736697
0.261100267526
0.261090258062
0.261075243867
0.260333406129
0.260128212128
0.260073160079
0.259944174492
0.259796762394
0.259512402635
0.259342924219
0.248806143991
0.182280064789
0.181951344908
0.169956595326
0.0926755750892
0.0925914046007
0.0924599166485
0.091334534469
0.0891067463784
0.0799139641115
0.075724776152
0.0754747670525
0.0701267562059
0.0558034414355
0.0
