0.246474417224
0.246152412886
0.246022777482
0.245949206265
0.245759755168
0.24564950255
0.244867938622
0.244586992442
0.244465068469
0.244403377023
0.244040939777
0.243714558681
0.177698458881
0.175239554554
0.173175600533
0.173129748782
0.162397729755
0.153501864916
0.153365143333
0.150464603282
0.0925159105574
0.0924358784112
0.0923548041797
0.0922195415158
0.0914511078617
0.0808833214675
0.0801386473567
0.0796330275994
0.0790850991815
0.0763748438956
0.0741764608785
0.0740024326438
0.0709772591991
0.0583067532125
0.057686087245
0.0575914659055
0.0549914632377
0.0521959653794
0.0498939990896
0.0495947122094
0.0409024708258
0.0403997689072
0.0396671829852
0.0389694027101
0.0387355587828
0.0374871406682
0.0348271138907
0.0345768050167
0.0344621756405
0.0
