0.272049816639
0.272012524951
0.271997776825
0.271962592012
0.271839129136
0.271828173386
0.271722197572
0.271706817384
0.271696283009
0.271673739446
0.271658569946
0.271650353133
0.271617275195
0.271610743883
0.271579983507
0.27157050257
0.27155870407
0.271555543757
0.271545009382
0.271539742194
0.271533632257
0.271527943694
0.271523097882
0.271516355882
0.271509613881
0.271502239819
0.271498236756
0.271493812319
0.271488966506
0.271470426006
0.271466001568
0.271459680943
0.271457152693
0.271436926693
0.271432712943
0.271427445755
0.271420703755
0.271369928067
0.271358550942
0.271309039379
0.271173145939
0.271132272564
0.271118367189
0.271100880126
0.270325339428
0.270303638615
0.270120761863
0.270043228862
0.269680214294
0.269590461418
0.192569220326
0.192283949447
0.18055034104
0.170391411029
0.0
0.0
0.0
0.0
0.0
0.0
0.0
0.0
0.0
0.0
0.0
0.0
0.0
0.0
0.0
0.0
0.0
0.0
0.0
0.0
0.0
0.0
0.0
0.0
0.0
0.0
0.0
0.0
0.0
0.0
0.0
0.0
