0.264037002582
0.263990498032
0.263971896212
0.263947357641
0.263893531098
0.263882251271
0.263848807574
0.26365645684
0.263645177013
0.263632116161
0.263609358615
0.263595110413
0.263584424261
0.263577102268
0.263554938397
0.263548012188
0.26354009652
0.263532576635
0.263521692591
0.263515162165
0.263505861255
0.263498341371
0.26349240462
0.26348666576
0.263467272374
0.263451638929
0.26344471272
0.26344016121
0.263422548849
0.263416414206
0.263411466914
0.263407904863
0.263401968112
0.263397812386
0.263394052444
0.26338890726
0.263381387375
0.263374263274
0.263356650913
0.263307573771
0.263216939371
0.263175975789
0.263143917334
0.26311443147
0.263063771194
0.262180976315
0.262089352457
0.261864349592
0.261767976334
0.261297191976
0.184061050381
0.0946145950275
0.0901262133482
0.0
