0.252746173089
0.252359291638
0.252261675228
0.252188093961
0.251903256445
0.251161329565
0.251016907879
0.250870588682
0.250539789229
0.250436269451
0.2501341435
0.249161985261
0.180350428152
0.177171464383
0.176900120281
0.176556670753
0.165180458586
0.155813921618
0.155705130976
0.155629019693
0.0914109155386
0.0913295333915
0.0912078818399
0.0910286724485
0.0804397165962
0.0792440737036
0.0789263459943
0.0787834001503
0.0759217424213
0.0732093555736
0.0730670422333
0.0729755400264
0.0661451321986
0.0570366567539
0.056633330206
0.0565409846607
0.0532715728576
0.0487772121555
0.0486399588451
0.0485689075923
0.0449239994054
0.0382432841281
0.0381207892382
0.0380653397441
0.0367621712167
0.0343691987548
0.034160683357
0.0341090288854
0.0336350727537
0.0
