0.247224260817
0.246768260211
0.246639598791
0.246567665941
0.246300888339
0.245510265827
0.245363205951
0.245207330149
0.244873985913
0.24474545226
0.244434595024
0.243229751733
0.176883260779
0.174318209462
0.174282051387
0.173699050333
0.15422160224
0.15411197811
0.154038000987
0.153947541915
0.0930186294582
0.0929420969946
0.0928057695512
0.0923713615777
0.0817106066073
0.0807349774057
0.0805401326529
0.0803339166325
0.0754210179865
0.0750579040275
0.0749618232052
0.0748082472098
0.060395357252
0.0590544420515
0.0589983523161
0.0588345549567
0.0536205093715
0.0511758146172
0.0510849722439
0.0510103562861
0.0411082820647
0.040936307614
0.0408576031106
0.0407822205505
0.0373013350124
0.0367073459922
0.0366301746933
0.0365632247586
0.0347743582772
0.0
