0.264359063143
0.264124319526
0.263901725301
0.26380192672
0.263619251927
0.263565447475
0.262563556509
0.262347470887
0.262223373522
0.261947625705
0.261768856074
0.250446924078
0.242836848413
0.182857684621
0.182492335035
0.169898188092
0.169849807476
0.159580967456
0.155832445994
0.0904771760647
0.0903726045086
0.0902615243496
0.0901469729355
0.0896065419271
0.0869100276746
0.0780325100384
0.0771920324285
0.076449400818
0.0738852281613
0.073241310364
0.0706508863416
0.0669075717617
0.0545755045686
0.0537061721517
0.053451902725
0.0501375050876
0.0493519166968
0.046863894696
0.0420514335849
0.0355089857774
0.0352805338096
0.034708644553
0.0344324628294
0.0336837565227
0.0325699175837
0.0301022892059
0.0297560315225
0.0294533814796
0.0283673125804
0.0
