0.253101890115
0.252771298049
0.252667070915
0.252586796602
0.252377047588
0.25229957856
0.25149079327
0.251334776257
0.251066763629
0.251029000175
0.250682655353
0.239877991675
0.179744330627
0.176685275058
0.176652474801
0.176077391344
0.155167658946
0.155084147765
0.151967475955
0.139629400252
0.0899741266392
0.0899026997633
0.0898060253209
0.0892838106994
0.0794042437491
0.0781720761915
0.0777199936989
0.077547144975
0.0765024999407
0.0720276385325
0.0716320933254
0.068329841113
0.0570366262346
0.0556972104676
0.0555463724426
0.0552188014527
0.053252943931
0.0478685227584
0.0475239042664
0.0442617892109
0.0385873447113
0.0373655351297
0.0372300182775
0.0369132368459
0.0355263470224
0.0336763693568
0.0335015785124
0.0334236779015
0.0328494576089
0.0
