0.253641714281
0.253267422437
0.253145565611
0.253063197179
0.2529616902
0.252776603489
0.251901075514
0.251601642039
0.251491898217
0.251132141979
0.251019491036
0.240311837192
0.178422620309
0.176798024127
0.17675344827
0.176219991545
0.164582543464
0.154655451639
0.154536259674
0.0920183778506
0.0887326042112
0.0886376382548
0.0885106939661
0.0877126892203
0.0773613999726
0.0766455213982
0.0765670291281
0.0763942976819
0.0756946505338
0.0708564742193
0.0706951289974
0.0680111294287
0.0556495659305
0.0552382082928
0.0547750069953
0.054375035582
0.0506190351023
0.0467358480739
0.0466675307277
0.0376627230761
0.037484904168
0.0367716904546
0.0362115851199
0.0359637530449
0.0330624461728
0.0328085575955
0.0325345614305
0.032384602433
0.0319526526875
0.0
