0.259027186536
0.258711829622
0.258616767159
0.258529484259
0.258341067041
0.258243727633
0.257392719354
0.257117967963
0.256977366595
0.256894637585
0.256517423659
0.256197133364
0.183315721794
0.180096500734
0.180065572228
0.179482674249
0.167753180655
0.157901028401
0.157773898959
0.154556385608
0.0904281207289
0.0903501353549
0.090233441912
0.0900920815625
0.0875603082149
0.0787521353477
0.0780273077836
0.0778912603063
0.0776743812733
0.0722273590528
0.0720112390016
0.0719436896266
0.0586579039695
0.0558198814888
0.0554777704684
0.0553857439321
0.0526192554807
0.0478456398112
0.0475437548231
0.0474012560009
0.0385355902667
0.0375868630886
0.0370202832178
0.0369514056247
0.0367096699397
0.0337130202749
0.0332777442455
0.0332306873775
0.0331561174213
0.0
