0.261600408159
0.261319582493
0.261090449908
0.261009904875
0.260838476194
0.260705035916
0.259873137967
0.259631022003
0.25942088362
0.259210745236
0.258832544232
0.257738574387
0.188345542518
0.185769784505
0.185226165643
0.185174472562
0.173770017244
0.164265462963
0.164127214027
0.160763557292
0.100224949052
0.10010184739
0.0999635984539
0.0997142695022
0.0960349243261
0.0880282672191
0.0876065478543
0.0874204527641
0.0866020190596
0.0838577175605
0.0816442919779
0.0811653495751
0.0752752235786
0.0650952931887
0.0648055715043
0.0645759580531
0.0611384884078
0.0580758537052
0.0561903786434
0.0556044435853
0.0474229917358
0.0468651873309
0.0461008510364
0.0454028742315
0.0447839998615
0.0432257540217
0.0410505572755
0.0408719156061
0.0405115066393
0.0
