0.264985654934
0.26466923719
0.264528269724
0.264438267419
0.264243298569
0.264147657565
0.263231152162
0.263011893534
0.26290909572
0.262739067268
0.262394456031
0.262303803107
0.189814211386
0.186835677261
0.185155345063
0.185109151109
0.172540058074
0.162534404194
0.162369146949
0.106638418232
0.0945282285182
0.0944612147535
0.0943256691129
0.0942113770288
0.0933755483906
0.0824928599978
0.0814674843358
0.0812163453729
0.0805783049334
0.0755659355805
0.0752464816147
0.0710178913739
0.0610655882583
0.0581774901849
0.0577728051203
0.0570334849782
0.0528825352804
0.0514049793613
0.0470046256847
0.0415307505346
0.0399163477368
0.0394151541761
0.0382342805552
0.0380722764055
0.036755423398
0.034749347917
0.0340677159996
0.0339024587545
0.0328152742804
0.0
