0.238729442185
0.238679310128
0.238646606794
0.238626828131
0.238622715736
0.238588445775
0.238578458529
0.238432958067
0.238345618625
0.238337393834
0.238331127327
0.238326427447
0.238298423993
0.238286478464
0.238258866667
0.2382549501
0.238249466906
0.238245354511
0.238234975609
0.238230275728
0.238224009221
0.238218721856
0.23821225952
0.238203643073
0.238198355708
0.238194439141
0.238191501716
0.238181710298
0.238162910777
0.238157231755
0.238152140218
0.238147636166
0.238127465846
0.238113170377
0.23810690387
0.238100833191
0.238094175027
0.23808790852
0.238073613051
0.238021326882
0.238011339636
0.237863489234
0.237841360631
0.237817469573
0.237207072615
0.237094667144
0.237066076205
0.236958762271
0.236678727735
0.23632741168
0.23622910585
0.222713033336
0.167550146254
0.167256991219
0.156550076344
0.147376497426
0.087171813721
0.0870474627206
0.0759708239262
0.0754422832175
0.0752268720358
0.0698821289596
0.0697744233687
0.0686237360015
0.0543421704792
0.0
