0.258378260747
0.257982805904
0.257873022336
0.257804968223
0.257561806394
0.256759586855
0.256616458721
0.256450320888
0.256104200401
0.25606208095
0.255691000789
0.240905123597
0.182415051308
0.179587783175
0.179326096588
0.178966521277
0.167248539079
0.157584270101
0.157509391078
0.157433342069
0.0910406078305
0.0909473990459
0.0908159707597
0.0883155183656
0.0792853811186
0.0783172187435
0.0781023315456
0.0779373636968
0.0746594564407
0.0723107120683
0.0721861086931
0.0720618953129
0.0564847184393
0.055505831204
0.0552453146011
0.0548919792086
0.049931438894
0.0472525638266
0.0471535051183
0.0470499614685
0.0376029196579
0.0364270849908
0.036330366252
0.0361993279608
0.0330360792095
0.0322789040831
0.0320969714555
0.0319971327574
0.0304036135369
0.0
