0.266929956622
0.266717995605
0.266484723912
0.266365338301
0.266214330398
0.266125192197
0.26521272866
0.265025515524
0.264958146292
0.264770016567
0.264580970254
0.264413922058
0.253065414607
0.193140712327
0.189957172417
0.189914551067
0.178623559524
0.178573605468
0.169135955234
0.15345152738
0.104695910413
0.104625791417
0.104518779746
0.10440833087
0.104263968231
0.103134731589
0.0994706703239
0.0910522661497
0.0905304983261
0.0896294921414
0.0869262444403
0.084331612439
0.0817967878167
0.0692684022264
0.0669049795945
0.0667635958671
0.0637147944207
0.0626311580404
0.0605264424234
0.0588055481083
0.0502056594737
0.048207038939
0.0478543816352
0.0476208807954
0.046736373198
0.0456820676396
0.0446199710816
0.0413099420029
0.0409485771114
0.0
