0.273362561599
0.273344167746
0.273277838399
0.273261302511
0.273236777375
0.273202590821
0.273030729067
0.273018280702
0.272914420465
0.272895840816
0.272885250416
0.272870944086
0.272839916072
0.272811860802
0.2728066585
0.272792537967
0.272783991329
0.27277860323
0.272772843539
0.27276541168
0.272760766767
0.272753520704
0.272746274641
0.272741443932
0.272738842781
0.272735684241
0.272725837027
0.272717847778
0.272710415918
0.272706885785
0.272687934543
0.272679573701
0.27267325662
0.272666753743
0.272640742235
0.272633310375
0.272605255105
0.272558805983
0.272546171821
0.27248485898
0.272406824454
0.272386015247
0.272280668637
0.27225242757
0.271547701484
0.271429163323
0.271378626678
0.271245596391
0.271006476308
0.270617790051
0.192754011207
0.192427009384
0.180354696647
0.170381326858
0.0
0.0
0.0
0.0
0.0
0.0
0.0
0.0
0.0
0.0
0.0
0.0
0.0
0.0
0.0
0.0
0.0
0.0
0.0
0.0
0.0
0.0
0.0
0.0
0.0
0.0
0.0
0.0
0.0
0.0
0.0
0.0
