0.254870133076
0.254436190149
0.254313758015
0.254210085643
0.253983981138
0.253202735766
0.253035872615
0.25272263395
0.252554289765
0.252407420572
0.252133676143
0.237953517258
0.180666139419
0.179112288039
0.178586521012
0.178527032818
0.157663708548
0.157543004287
0.157411932789
0.0959554445768
0.0927457973195
0.092640890753
0.0925043887971
0.0916135469182
0.0810799402847
0.0803214040991
0.0801883578889
0.0800084122724
0.0767249601602
0.0744276297731
0.0743313625709
0.0692635114721
0.0586005612131
0.0578736204169
0.0577637770708
0.0574228924394
0.0500061216067
0.0496909082292
0.0495879763745
0.0404250665972
0.040106150635
0.0389497100136
0.038857885913
0.0379285371532
0.0353883172098
0.0349731340454
0.0348415688691
0.0346048502872
0.0331277658308
0.0
