0.278592019171
0.27813898595
0.277963695711
0.277859642144
0.27768935448
0.277500457235
0.276499341861
0.276266421954
0.276094933672
0.275943855897
0.275589073255
0.27445308845
0.200925436415
0.197620935257
0.197028430236
0.196977403968
0.184880776624
0.174651910804
0.17448362417
0.158067373084
0.10593793685
0.105834283489
0.105694611586
0.105443482305
0.104087584288
0.0924205781136
0.0917000071637
0.0914925003392
0.0908159520521
0.0877329649303
0.0851740475997
0.0839184011929
0.0782550857181
0.0670417130739
0.066475221444
0.0659801665898
0.0630318487958
0.0593085320323
0.0568718776426
0.0535629742191
0.0472095034524
0.0466097947223
0.0457785668062
0.0449665487793
0.0443552340745
0.0427368009051
0.0401846870769
0.0399085449189
0.0396113919446
0.0
