0.252063569944
0.251689591123
0.251564162961
0.251478853365
0.251276646567
0.251146837642
0.250391963006
0.250084848462
0.249983168647
0.249879183168
0.249552931607
0.248824341548
0.18298493202
0.179977884064
0.179932001335
0.179401467878
0.168593203269
0.159385992257
0.159270478453
0.139836491479
0.0983923983156
0.0983338344311
0.0982051783386
0.0980889728356
0.0954616678625
0.0864047861911
0.0856167099824
0.0854048193927
0.0852715519706
0.0801933253773
0.0799583781401
0.0797762306255
0.0650151343834
0.0641417485792
0.0635035405788
0.0633988633995
0.0600510381947
0.0556234701914
0.0553103609195
0.0517813104661
0.0461151393636
0.0453302910856
0.044425548241
0.0443070370732
0.0431878674077
0.0404284478449
0.039972848492
0.0398043043994
0.0394656022489
0.0
