0.249412908465
0.249026546648
0.248890210566
0.248813349956
0.248717274193
0.248520776384
0.247695211081
0.247488648191
0.247356429642
0.247033432078
0.246925689973
0.246039276687
0.177847216662
0.175328201668
0.17504249065
0.17479932747
0.163549770676
0.154078072995
0.153916345461
0.102808386042
0.0907549953678
0.0906781347577
0.0905566675435
0.0903594834784
0.0869336962862
0.0791941073532
0.0787098397594
0.0785577198019
0.0780272443413
0.0753199666022
0.073093296428
0.0713030847182
0.0605581544304
0.0579146984479
0.0574517047729
0.0571527261498
0.054569203143
0.0512429229907
0.0491464125997
0.0428374375222
0.0406471388867
0.0403422127163
0.0396902700415
0.0390447324176
0.0382884789148
0.0359115187977
0.0356441079251
0.0353755532935
0.0351671603893
0.0
