0.262376536271
0.262327493644
0.262318162525
0.262312954458
0.262296896253
0.262236786484
0.26220987814
0.262193385929
0.262182969796
0.262158882488
0.262074902414
0.262058627206
0.262052985134
0.262039096956
0.262031718862
0.262024774773
0.262021519731
0.262018481692
0.262012622617
0.262004376512
0.261995479398
0.261991790351
0.261986582284
0.26198311024
0.261980072201
0.261962060971
0.261960324949
0.261957069907
0.26195338086
0.261932331591
0.261925821507
0.261892837086
0.26188849703
0.261884156975
0.261853559583
0.261848785522
0.261843577456
0.261802129926
0.261733340046
0.26172899999
0.261704912682
0.26169145851
0.261679306355
0.2616593421
0.261609865467
0.260920881656
0.260663950371
0.260593424469
0.260479281009
0.260315660917
0.260081948928
0.25995934236
0.183364740868
0.183331322441
0.171295480527
0.0951915223092
0.0951127503019
0.095046998461
0.0943465135032
0.0919655590556
0.0831276870369
0.0791793215452
0.0769311727958
0.076052311557
0.0602458294237
0.0
