0.251015110124
0.250574610772
0.250465858048
0.250383327943
0.250263191756
0.250094472577
0.249250470127
0.248982552201
0.24888254035
0.24849692555
0.248232666594
0.247408991757
0.176990688124
0.175982641846
0.175721432031
0.175416314575
0.164017402875
0.154223152865
0.154062564731
0.132457972154
0.0894599908892
0.0893583528292
0.0892471607916
0.0890140030821
0.0856097379019
0.0778425573599
0.0776791233595
0.0774919060531
0.07726626956
0.0722906799729
0.0720867940246
0.0688181140164
0.0576484977793
0.0572029165245
0.0565404396497
0.056469902836
0.052748933461
0.0489322210335
0.0479703184341
0.0441621436036
0.039916315287
0.0392546515166
0.0386208365747
0.0384484584251
0.0368374951747
0.0352909704544
0.0349708105656
0.0348445760951
0.0343719591163
0.0
