0.254496195886
0.254453212763
0.254442252066
0.254353706832
0.254340811895
0.254331140693
0.254303201662
0.254298043688
0.254198967588
0.25418908147
0.254178335689
0.254158993284
0.254148462418
0.254140080709
0.254126755941
0.254119233895
0.254110852186
0.254108058283
0.254096237924
0.25409150978
0.254087856215
0.254083772818
0.254077325349
0.254073886699
0.25405669345
0.254052395138
0.254048526657
0.254041434441
0.254037780876
0.254034772057
0.25403219307
0.254028324589
0.25400618828
0.254002534715
0.253976744841
0.253945582076
0.253935051211
0.253928173911
0.253884546041
0.253878528404
0.253858756167
0.253785255026
0.253775798739
0.253757960743
0.253107411172
0.252995010304
0.252939562075
0.252735607155
0.252620412384
0.252473839934
0.177863089726
0.090613152105
0.0895660832209
0.0
