0.262769861558
0.262729155594
0.262719875478
0.262708275333
0.262675584015
0.262640783579
0.262613365054
0.262605772232
0.262597968498
0.262587212
0.26239085318
0.262381994887
0.26237250386
0.262361114626
0.262344241688
0.262339179806
0.262330954249
0.262322306868
0.262312604929
0.262297208372
0.26228835008
0.262284131845
0.262276960846
0.262270211671
0.262266204348
0.262263040672
0.262255869673
0.262247644116
0.262239840382
0.262223389267
0.262204407211
0.262198501683
0.262185003332
0.262178886892
0.262170450423
0.262158217543
0.262152101103
0.262113504256
0.262104645964
0.262029561388
0.261999401011
0.261947938549
0.261922840053
0.261896054263
0.261871377591
0.261727746703
0.261063585668
0.260847190234
0.260755443632
0.260531033552
0.260221415133
0.259352247897
0.190443589549
0.189942252369
0.189878135203
0.169241687969
0.108577358204
0.108453131196
0.107583963959
0.106510212346
0.0953432799305
0.0939637063096
0.0910244404512
0.0888239983802
0.0717186353167
0.0
