0.270060918668
0.269584115282
0.269464166
0.269379343297
0.269246221548
0.269034464163
0.268164083433
0.267881474143
0.267810223072
0.267672311335
0.267310667243
0.266477209337
0.194256564928
0.191546629236
0.191500525601
0.191156045633
0.190889003804
0.169379962003
0.169220096155
0.111165042827
0.102406749412
0.102355656207
0.102248679809
0.102085620636
0.100673971265
0.0892881698673
0.0889430911509
0.0887780361488
0.0886467106454
0.0833739318077
0.0828999225818
0.0798894151445
0.0687752459809
0.0664183723182
0.0653134817604
0.0652228711547
0.0640022225544
0.0571689055536
0.0559879739369
0.0484427449745
0.0469907798719
0.0467047776737
0.0451498278299
0.0450065273565
0.0438335790531
0.0411990856711
0.0410480014673
0.0405985409297
0.040513917809
0.0
