0.239898181759
0.239888857061
0.23983607927
0.239804375297
0.239773976782
0.239757192326
0.239738729424
0.239630003446
0.239521090975
0.239502628073
0.239488454532
0.239471483582
0.2394431365
0.239425419574
0.239408448624
0.239400056396
0.239393529107
0.239389799228
0.239384017915
0.239377677121
0.23937338776
0.239364809038
0.239360333183
0.239355857328
0.239350821991
0.239344854184
0.239340005341
0.239319118018
0.239315015151
0.239309047344
0.2392918899
0.239287414045
0.239282565202
0.239276410901
0.239269324131
0.239244706928
0.239235568725
0.239229414424
0.239190623681
0.239153697877
0.239129080674
0.2390850681
0.238983988375
0.238418165705
0.238390005117
0.238276430297
0.238243420866
0.238107653264
0.237929924522
0.237468165481
0.169921732216
0.135359739386
0.0791991352648
0.0
