0.286674059324
0.28620634239
0.286071768314
0.28594604238
0.285784718105
0.284830559098
0.284654419328
0.284282385797
0.284134848163
0.283922286969
0.283617128934
0.282206981925
0.209708182083
0.204076853732
0.204024999501
0.203630742727
0.20329780564
0.180853154373
0.180725370732
0.164085101024
0.110645817699
0.110546430423
0.110393336978
0.110122131118
0.101115339243
0.0970392262855
0.0963453672874
0.0962130566896
0.0959797126494
0.0906416076293
0.0896216019789
0.0894386717744
0.0743898331137
0.0712396885701
0.0700060928722
0.0699050594297
0.0696204784705
0.0613030186365
0.0603698482461
0.0592352282831
0.051769453619
0.050087483438
0.0483355511992
0.048122578464
0.0472630740052
0.0438015983038
0.0431844917987
0.0429373611176
0.0428470277546
0.0
