0.259793346603
0.259471967444
0.259324472316
0.259204308554
0.259030188907
0.258358921146
0.25799842986
0.257862244263
0.25775692426
0.257532382956
0.257354493465
0.257125239856
0.239164291665
0.184633269623
0.182843065184
0.182478332824
0.170741160659
0.161130415851
0.160996586407
0.0957330554959
0.095640929945
0.0955702453791
0.0954529089997
0.0953428766922
0.0945450835586
0.0915874057068
0.0831997395038
0.0826172986809
0.081887833961
0.0792093601445
0.0769359088904
0.075347626695
0.0612467626469
0.0603672110321
0.0601956831522
0.0567990541463
0.0562102517125
0.054172415678
0.0498097642717
0.0424312380543
0.0422293158111
0.0419494049302
0.0413964160098
0.0406641239072
0.0401379951218
0.0384205957861
0.0368287793624
0.0365342603379
0.03588749656
0.0
