0.249711015963
0.249290727576
0.249140965259
0.249039279508
0.248833809425
0.248713618011
0.247818668932
0.247591831486
0.247481942194
0.247189285641
0.247019109862
0.245865081514
0.178182053362
0.176598006845
0.17655527212
0.176025094441
0.164979694328
0.155576719419
0.152455939831
0.131726355058
0.0929758802542
0.0928764838632
0.0927377867877
0.0924647805772
0.0890631727977
0.0807947666751
0.0806455766984
0.0804704406389
0.0797571141393
0.0770394527361
0.0748979469971
0.0707137595702
0.0599911592538
0.0591337938381
0.0588331245246
0.0579326428241
0.0547721809915
0.0521920719836
0.0493122475623
0.0457534370452
0.0416178985237
0.0409593258902
0.0402274937286
0.0398066330016
0.0384452267697
0.0365673790202
0.0363344366142
0.0361383147523
0.0355215229435
0.0
