0.27767260212
0.27732126274
0.277153110186
0.277018726921
0.276817961561
0.276748572611
0.275766718978
0.275519000429
0.275387161425
0.275076992822
0.274869288567
0.274369919428
0.256866094362
0.198286786841
0.196479436007
0.18400816014
0.183948948237
0.173930109137
0.173811916627
0.152104046417
0.105401351465
0.105293104704
0.105161265701
0.105009766495
0.104065845487
0.10054088686
0.0912663598904
0.0906932071688
0.08977380359
0.0872730258555
0.086583299699
0.0830483953227
0.0776714456378
0.0657358524606
0.0653650841746
0.0639490870149
0.061601890155
0.0604003048488
0.0573832733312
0.0524975974076
0.0458947762842
0.0455570833974
0.0449247187724
0.0446113120178
0.0435968455784
0.041932898573
0.0392352875189
0.0388305186477
0.0382360866483
0.0
