0.262385594769
0.261949603672
0.261810001657
0.261715165637
0.261489001886
0.261422595456
0.260365184445
0.26025974037
0.260079827742
0.259788106205
0.259667386529
0.258860325638
0.243276879382
0.187045696747
0.186728091553
0.186456101001
0.186417911999
0.165302788922
0.165172734156
0.140208159759
0.101103046867
0.100998875758
0.100882611466
0.100765286368
0.100315292637
0.0964276523163
0.0876651859942
0.0875196434675
0.0873811022576
0.0866678165799
0.0816508426297
0.081435074773
0.0737917583468
0.0655352962904
0.0646650113856
0.0643675614986
0.0641496720307
0.0585817156579
0.0575448842757
0.0502531188215
0.0460020465061
0.0459301238872
0.0455717837594
0.0442389876181
0.0440268265004
0.042638231985
0.0398561632486
0.0396174819912
0.0393293671934
0.0
