0.257487682043
0.25707904864
0.256953584551
0.256862019718
0.256748162439
0.256545688089
0.255667439471
0.255383348981
0.255273360639
0.255124314461
0.254794717907
0.2538576983
0.183161171794
0.179727029939
0.17968281352
0.179087181513
0.167513165439
0.157793475425
0.157657325703
0.154294114353
0.0921453585288
0.0920716644976
0.0919439895885
0.0917724667308
0.0889825949437
0.0806354562619
0.0798819347926
0.0796862771397
0.0790265313251
0.0765130121551
0.0742097052091
0.0737222191926
0.0606940356473
0.0584810038896
0.0580587370906
0.0577656190814
0.0550837090501
0.0519067593639
0.0500574076503
0.0492747770387
0.0409125310805
0.0406459429225
0.0400044363807
0.0394764186469
0.0390084615487
0.0360833612142
0.0358792287477
0.0356872557964
0.0353863999139
0.0
