0.255766861296
0.255265827705
0.255113137067
0.255016612779
0.254815938968
0.25465301936
0.253843070849
0.253526344714
0.253322881185
0.2530016915
0.252763449469
0.248386379846
0.182231161723
0.182129429958
0.181871473911
0.181586178615
0.170479190089
0.160974988306
0.160847591124
0.10702404831
0.0981815679524
0.0980759305806
0.0979051997579
0.0975161269025
0.0937968730966
0.0856058851919
0.0854967141756
0.0853244955025
0.0845915432448
0.0798970035625
0.0796980035839
0.074547251801
0.0641665202064
0.063766474455
0.0630454249998
0.0629228633307
0.0589118048833
0.0547737212159
0.0540472783033
0.0458282072241
0.0455200362292
0.0445787849284
0.0439038588328
0.0434837271022
0.0406532778737
0.0401820012889
0.039777120024
0.0396943583506
0.0389496892718
0.0
