0.261036137612
0.26074221861
0.260628818367
0.260494380978
0.260348523423
0.260291823302
0.259342146362
0.259147402483
0.25910592925
0.258965481247
0.258536724147
0.258507873203
0.246607860159
0.184965011217
0.182213552691
0.181883570008
0.169782602119
0.15993942103
0.159863286591
0.13504446151
0.0926211504274
0.0925770725948
0.0924788992403
0.0923596887384
0.0922468895576
0.0913533116778
0.0808822218273
0.080120276384
0.0799179190615
0.0767344977762
0.0743749312536
0.0739628035185
0.0700659224058
0.0580296687891
0.0575498214748
0.0567265677734
0.0539658929738
0.0521142232955
0.0512927727782
0.0460437039725
0.0404207750045
0.0402985591958
0.0400046401937
0.038948976102
0.038799111471
0.0377668887722
0.0352602625716
0.0349022303584
0.0347742042899
0.0
