0.255501490407
0.255463894123
0.25536918956
0.255356102246
0.255338017957
0.255295900601
0.255264491047
0.255173831654
0.255050810902
0.255039865148
0.255022732664
0.255013452569
0.254992988769
0.254972049066
0.254953012973
0.254946350341
0.254939687708
0.254934214831
0.254930407613
0.254923031127
0.254916368494
0.254912323324
0.254908516106
0.254906136594
0.254896856499
0.254892811329
0.254887814354
0.254881627624
0.254878058357
0.254861639726
0.254855452996
0.254849980119
0.254822853686
0.254803817593
0.254799772424
0.254793347742
0.254786209207
0.254779070672
0.254725055758
0.254699594983
0.254662236651
0.254515896684
0.254504950931
0.254470685963
0.254352662186
0.253704959116
0.253646899032
0.253567899246
0.253303297551
0.253064632533
0.179473951843
0.154833870825
0.0817633513803
0.0
