0.254516541139
0.254169328597
0.25404728758
0.253944352026
0.253791508324
0.253715281426
0.252803872872
0.252663701161
0.252573437597
0.252286660702
0.252121534917
0.251846845152
0.183008693181
0.180290258768
0.178477189345
0.178168382682
0.166870230823
0.157350836537
0.157208715288
0.101232633768
0.0928275948386
0.0927665743301
0.0926566204425
0.0925587536844
0.0917374137403
0.0812167372432
0.0805597432694
0.080170810635
0.0796066146231
0.0769378934044
0.0747368661154
0.0740870854285
0.0611142812749
0.0590924164375
0.0583712826959
0.0582973952431
0.0552982275004
0.0527306872527
0.0504910591308
0.0414358496073
0.041129772296
0.0408275940588
0.0401304396225
0.0395896380548
0.0388010503326
0.0359905977729
0.0356681443507
0.0355156905562
0.0350840630613
0.0
