0.248648140411
0.24821952202
0.248090092397
0.247993489127
0.247843894744
0.247070834113
0.24681572645
0.246608451473
0.246479959746
0.246218521285
0.246011246309
0.231918189223
0.176132849192
0.175092488252
0.175035042133
0.174513103108
0.163455780322
0.154029692844
0.153896746111
0.10320066328
0.0912732076459
0.0911719148972
0.0910340442115
0.09010740314
0.0871642860526
0.0791483249415
0.0790310879638
0.0788439777475
0.0782148841253
0.0755099925766
0.0728838842768
0.0687322884236
0.0593467649394
0.0583483748376
0.0576672279973
0.0568625133826
0.053464047874
0.0499546761844
0.0474544803987
0.04154667462
0.0407267191982
0.039903481141
0.0392950212269
0.0389421379241
0.0363312704315
0.0356850602106
0.0354686407498
0.0352880958042
0.0342669617287
0.0
