0.291053006137
0.290855532787
0.290515474845
0.290393289523
0.290186562895
0.290107910038
0.288929799591
0.288769970255
0.288585535613
0.288378598684
0.288049055829
0.286748970363
0.268618224919
0.20608247362
0.205433692697
0.205368919756
0.192583834693
0.192494666747
0.181998085413
0.154729938895
0.110829026353
0.110715884008
0.110568041872
0.110395173827
0.109177106046
0.106455170395
0.104521656034
0.0955453461062
0.0947150747665
0.094491523998
0.0912499327034
0.087647042989
0.0846208006945
0.0695928473849
0.0688065291125
0.0687327131955
0.064884191028
0.0637573942098
0.061371310466
0.0550677255781
0.0485323881531
0.0482587855662
0.0479061095184
0.0472356675146
0.0466270542276
0.0451997361975
0.0433213208969
0.0411865477536
0.0407491200974
0.0
