0.267872168722
0.267858312832
0.267846634295
0.267811796628
0.267805264565
0.267731036581
0.26772470246
0.267683530671
0.267676008902
0.267656214773
0.267649484769
0.267565953544
0.267561202953
0.26755011824
0.267533887054
0.267523000283
0.267518051751
0.267509738217
0.267506175273
0.267496872033
0.267495288502
0.267481036729
0.267476088197
0.267466191133
0.267458273481
0.267446594945
0.267442438177
0.267438677293
0.267431551406
0.267405225215
0.267398891093
0.267388994029
0.267375138138
0.267351781066
0.267337331352
0.267329611641
0.26728646044
0.267218368635
0.267210450984
0.26719916833
0.267188677441
0.267155225363
0.267142359179
0.267126325934
0.26711029269
0.266428582881
0.266187094505
0.266089113565
0.265984600563
0.265726485119
0.188805509419
0.188229302318
0.176358169225
0.166517913786
0.0
0.0
0.0
0.0
0.0
0.0
0.0
0.0
0.0
0.0
0.0
0.0
0.0
0.0
0.0
0.0
0.0
0.0
0.0
0.0
0.0
0.0
0.0
0.0
0.0
0.0
0.0
0.0
0.0
0.0
0.0
0.0
