0.28508542509
0.284548515004
0.284399747645
0.284270839576
0.284038379496
0.283877732027
0.283132299397
0.28283441005
0.282697168172
0.282519498454
0.282186500719
0.281448692638
0.224437104388
0.20924191062
0.209175594777
0.208628577731
0.208584426274
0.187806112335
0.187646174126
0.184517272085
0.124677153554
0.124599134915
0.124471468052
0.124293798334
0.12400371085
0.112172361614
0.110224555374
0.109954504495
0.109788714888
0.109622038705
0.1037188648
0.103406258301
0.102172322604
0.0853926412111
0.0850605300515
0.0839618857672
0.0838393610415
0.0822069983428
0.0740216019425
0.0731782913847
0.0694986486817
0.0636350160417
0.0635339464416
0.0614488983236
0.0612689235095
0.0600954522581
0.0561934564349
0.0560007149344
0.0554474918604
0.0
