0.252252475862
0.252205120635
0.252056033317
0.251992675289
0.251960996276
0.251901394007
0.251787414875
0.251766349964
0.251744468583
0.251732548129
0.251722587202
0.251710666749
0.251691724658
0.251685356196
0.251675558563
0.251666577399
0.251659392468
0.251653677182
0.251646655545
0.251640613671
0.251636694618
0.251632775565
0.251627386867
0.251624774165
0.251619058879
0.251615466413
0.25161073089
0.251605342192
0.251601749727
0.251596524322
0.251590482449
0.251581174697
0.251542800634
0.251518796433
0.251508672212
0.251499691048
0.251490383296
0.251481238839
0.251444334421
0.251372811699
0.251198577122
0.251177022329
0.251160856235
0.251152364953
0.25112999369
0.250387333097
0.250369697358
0.250284784537
0.249924558225
0.249698396193
0.177518579578
0.177000448078
0.156393412855
0.156320583782
0.0
0.0
0.0
0.0
0.0
0.0
0.0
0.0
0.0
0.0
0.0
0.0
0.0
0.0
0.0
0.0
0.0
0.0
0.0
0.0
0.0
0.0
0.0
0.0
0.0
0.0
0.0
0.0
0.0
0.0
0.0
0.0
